1497661061.34 1497661059.49 1.85242438316
1497661062.35 1497661060.49 1.8596932888
1497661063.35 1497661061.49 1.86497735977
1497661064.36 1497661062.49 1.87025332451
1497661065.36 1497661063.49 1.87850928307
1497661066.37 1497661064.49 1.88402247429
1497661067.38 1497661065.49 1.89249134064
1497661068.38 1497661066.49 1.89770126343
1497661069.39 1497661067.49 1.90173435211
1497661070.39 1497661068.49 1.90712237358
1497661071.41 1497661069.49 1.92540025711
1497661072.42 1497661070.49 1.9293384552
1497661073.43 1497661071.49 1.94127035141
1497661074.43 1497661072.49 1.94747948647
1497661075.44 1497661073.49 1.95239949226
1497661076.45 1497661074.49 1.96138930321
1497661077.45 1497661075.49 1.9673833847
1497661078.46 1497661076.49 1.97213435173
1497661079.47 1497661077.49 1.9803674221
1497661080.47 1497661078.49 1.98592233658
1497661081.48 1497661079.49 1.99384832382
1497661082.49 1497661080.49 2.0011074543
1497661083.5 1497661081.49 2.01580739021
1497661084.51 1497661082.49 2.02084136009
1497661085.51 1497661083.49 2.0272424221
1497661086.52 1497661084.49 2.03317642212
1497661087.52 1497661085.49 2.03741836548
1497661088.53 1497661086.49 2.04452347755
1497661089.54 1497661087.49 2.05068039894
1497661090.54 1497661088.49 2.05504846573
1497661091.55 1497661089.49 2.06026148796
1497661092.55 1497661090.49 2.06551241875
1497661093.56 1497661091.49 2.07081842422
1497661094.56 1497661092.49 2.07704639435
1497661095.57 1497661093.49 2.08192038536
1497661096.57 1497661094.49 2.08701634407
1497661097.59 1497661095.49 2.10389041901
1497661098.59 1497661096.49 2.10917448997
1497661099.6 1497661097.49 2.11383843422
1497661100.6 1497661098.49 2.11853837967
1497661101.61 1497661099.49 2.12370347977
1497661102.61 1497661100.49 2.12890934944
1497661103.62 1497661101.49 2.13438344002
1497661104.63 1497661102.49 2.13986039162
1497661105.64 1497661103.49 2.1502122879
1497661106.64 1497661104.49 2.15514326096
1497661107.65 1497661105.49 2.16009140015
1497661108.65 1497661106.49 2.16867136955
1497661109.66 1497661107.49 2.17374134064
1497661110.66 1497661108.49 2.17764925957
1497661111.67 1497661109.49 2.18472743034
1497661112.68 1497661110.49 2.19365143776
1497661113.69 1497661111.49 2.19947528839
1497661114.69 1497661112.49 2.20636439323
1497661115.7 1497661113.49 2.21074342728
1497661116.71 1497661114.49 2.21957230568
1497661117.71 1497661115.49 2.2264213562
1497661118.72 1497661116.49 2.23168349266
1497661119.72 1497661117.49 2.23690032959
1497661120.73 1497661118.49 2.24381637573
1497661121.73 1497661119.49 2.24924445152
1497661122.74 1497661120.49 2.25356245041
1497661123.74 1497661121.49 2.25910234451
1497661124.75 1497661122.49 2.26559448242
1497661125.76 1497661123.49 2.27231526375
1497661126.77 1497661124.49 2.27971529961
1497661127.77 1497661125.49 2.2868514061
1497661128.78 1497661126.49 2.29206943512
1497661129.78 1497661127.49 2.29720640182
1497661130.79 1497661128.49 2.30094647408
1497661131.8 1497661129.49 2.31643533707
1497661132.81 1497661130.49 2.32403326035
1497661133.82 1497661131.49 2.32946228981
1497661134.82 1497661132.49 2.3365073204
1497661135.83 1497661133.49 2.34166026115
1497661136.83 1497661134.49 2.3470582962
1497661137.84 1497661135.49 2.35850048065
1497661138.85 1497661136.49 2.3667652607
1497661139.95 1497661137.49 2.46104240417
1497661140.95 1497661139.49 1.46757340431
1497661141.97 1497661140.49 1.48064136505
1497661142.97 1497661141.49 1.48558831215
1497661143.99 1497661142.49 1.50050330162
1497661144.99 1497661143.49 1.50535130501
1497661146.0 1497661144.49 1.5132124424
1497661147.0 1497661145.49 1.51926040649
1497661148.01 1497661146.49 1.52648639679
1497661149.02 1497661147.49 1.53220033646
1497661150.02 1497661148.49 1.53772926331
1497661151.03 1497661149.49 1.54407548904
1497661152.04 1497661150.49 1.55052947998
1497661153.04 1497661151.49 1.55888032913
1497661154.07 1497661152.49 1.5870923996
1497661155.08 1497661153.49 1.59339141846
1497661156.08 1497661154.49 1.59846138954
1497661157.09 1497661155.49 1.60843849182
1497661158.1 1497661156.49 1.6134223938
1497661159.11 1497661157.49 1.62246537209
1497661160.11 1497661158.49 1.6279194355
1497661161.14 1497661159.49 1.65336632729
1497661162.17 1497661160.49 1.68107748032
1497661163.17 1497661161.49 1.68803334236
1497661164.18 1497661162.49 1.69325137138
1497661165.18 1497661163.49 1.6984474659
1497661166.19 1497661164.49 1.70388245583
1497661167.19 1497661165.49 1.70900535583
1497661168.2 1497661166.49 1.71548438072
1497661169.25 1497661167.49 1.76449728012
1497661170.3 1497661168.49 1.81262040138
1497661171.3 1497661169.49 1.8186583519
1497661172.31 1497661170.49 1.82404136658
1497661173.32 1497661171.49 1.83036732674
1497661174.32 1497661172.49 1.83580136299
1497661175.44 1497661173.49 1.95780444145
1497661176.51 1497661174.49 2.02317237854
1497661177.57 1497661175.49 2.08357644081
1497661178.65 1497661176.49 2.16687440872
1497661179.66 1497661177.49 2.17244935036
1497661180.66 1497661178.49 2.17710042
1497661181.67 1497661179.49 2.18322229385
1497661182.67 1497661180.49 2.18855428696
1497661183.68 1497661181.49 2.1923084259
1497661184.69 1497661182.49 2.20055747032
1497661185.69 1497661183.49 2.20804047585
1497661186.7 1497661184.49 2.2133333683
1497661187.71 1497661185.49 2.22695231438
1497661188.72 1497661186.49 2.2322614193
1497661189.72 1497661187.49 2.2374522686
1497661190.73 1497661188.49 2.24357533455
1497661191.74 1497661189.49 2.25374126434
1497661192.74 1497661190.49 2.25887227058
1497661193.75 1497661191.49 2.26749038696
1497661194.76 1497661192.49 2.27218937874
1497661195.76 1497661193.49 2.27761244774
1497661196.77 1497661194.49 2.28283238411
1497661197.77 1497661195.49 2.28857326508
1497661198.78 1497661196.49 2.29488444328
1497661199.79 1497661197.49 2.30498743057
1497661200.8 1497661198.49 2.31038832664
1497661201.8 1497661199.49 2.31565833092
1497661202.81 1497661200.49 2.32190227509
1497661203.81 1497661201.49 2.32637643814
1497661204.82 1497661202.49 2.33271241188
1497661205.83 1497661203.49 2.34401726723
1497661206.84 1497661204.49 2.3522362709
1497661207.84 1497661205.49 2.35837841034
1497661208.85 1497661206.49 2.36798548698
1497661209.86 1497661207.49 2.37832140923
1497661210.87 1497661208.49 2.38408827782
1497661211.88 1497661209.49 2.39236927032
1497661212.88 1497661210.49 2.39833140373
1497661213.89 1497661211.49 2.40332341194
1497661214.89 1497661212.49 2.4082224369
1497661215.9  1497661214.49 1.41482234001
1497661216.91 1497661215.49 1.42002034187
1497661217.92 1497661216.49 1.43252944946
1497661218.92 1497661217.49 1.43790626526
1497661219.93 1497661218.49 1.44420337677
1497661220.94 1497661219.49 1.44949436188
1497661221.94 1497661220.49 1.45558428764
1497661222.95 1497661221.49 1.45965743065
1497661223.95 1497661222.49 1.46503734589
1497661224.96 1497661223.49 1.47036147118
1497661225.96 1497661224.49 1.47772240639
1497661226.97 1497661225.49 1.48268127441
1497661227.98 1497661226.49 1.48969626427
1497661228.98 1497661227.49 1.49488735199
1497661229.99 1497661228.49 1.49950647354
1497661230.99 1497661229.49 1.50356936455
1497661231.99 1497661230.49 1.50879645348
1497661233.0 1497661231.49 1.51896548271
1497661234.01 1497661232.49 1.52446126938
1497661235.02 1497661233.49 1.53153133392
1497661236.02 1497661234.49 1.53604245186
1497661237.03 1497661235.49 1.54144239426
1497661238.03 1497661236.49 1.54795026779
1497661239.04 1497661237.49 1.55636835098
1497661240.05 1497661238.49 1.56013941765
1497661241.06 1497661239.49 1.57708239555
1497661242.07 1497661240.49 1.58218646049
1497661243.07 1497661241.49 1.58635139465
1497661244.08 1497661242.49 1.5936923027
1497661245.08 1497661243.49 1.59850430489
1497661246.09 1497661244.49 1.60362029076
1497661247.11 1497661245.49 1.61981534958
1497661248.11 1497661246.49 1.6247074604
1497661249.11 1497661247.49 1.62903237343
1497661250.12 1497661248.49 1.63419628143
1497661251.13 1497661249.49 1.64264845848
1497661252.13 1497661250.49 1.6468462944
1497661253.14 1497661251.49 1.6551463604
1497661254.15 1497661252.49 1.66139340401
1497661255.15 1497661253.49 1.66731739044
1497661256.16 1497661254.49 1.67484140396
1497661257.17 1497661255.49 1.68246841431
1497661258.17 1497661256.49 1.68725442886
1497661259.18 1497661257.49 1.69533443451
1497661260.19 1497661258.49 1.70092344284
1497661261.2 1497661259.49 1.70965027809
1497661262.2 1497661260.49 1.71825933456
1497661263.22 1497661261.49 1.73080444336
1497661264.22 1497661262.49 1.73579645157
1497661265.23 1497661263.49 1.74180340767
1497661266.23 1497661264.49 1.74711847305
1497661267.25 1497661265.49 1.7631354332
1497661268.31 1497661266.49 1.8214673996
1497661269.32 1497661267.49 1.82961535454
1497661270.32 1497661268.49 1.83485341072
1497661271.33 1497661269.49 1.84046339989
1497661272.33 1497661270.49 1.84617733955
1497661273.34 1497661271.49 1.8517203331
1497661274.35 1497661272.49 1.86650633812
1497661275.36 1497661273.49 1.87433648109
1497661276.37 1497661274.49 1.87959837914
1497661277.37 1497661275.49 1.8842394352
1497661278.37 1497661276.49 1.88883829117
1497661279.38 1497661277.49 1.89386630058
1497661280.39 1497661278.49 1.90218544006
1497661281.41 1497661279.49 1.92226839066
1497661282.42 1497661280.49 1.9327583313
1497661283.42 1497661281.49 1.93802332878
1497661284.49 1497661282.49 2.00460338593
1497661285.5 1497661283.49 2.00968933105
1497661286.5 1497661284.49 2.01443338394
1497661287.51 1497661285.49 2.0229973793
1497661288.52 1497661286.49 2.03137636185
1497661289.52 1497661287.49 2.03641247749
1497661290.53 1497661288.49 2.04098939896
1497661291.54 1497661289.49 2.05860447884
1497661292.55 1497661290.49 2.06440830231
1497661293.56 1497661291.49 2.06969332695
1497661294.56 1497661292.49 2.07617926598
1497661295.61 1497661293.49 2.12192630768
1497661296.67 1497661294.49 2.1826634407
1497661297.76 1497661295.49 2.27506637573
1497661298.84 1497661296.49 2.35125231743
1497661299.84 1497661297.49 2.35738825798
1497661300.85 1497661298.49 2.36372733116
1497661301.85 1497661299.49 2.36886239052
1497661302.86 1497661300.49 2.37431931496
1497661303.86 1497661301.49 2.3792784214
1497661304.87 1497661302.49 2.38446426392
1497661305.87 1497661303.49 2.38909435272
1497661306.88 1497661304.49 2.39419341087
1497661307.94 1497661306.49 1.45906829834
1497661308.95 1497661307.49 1.46761536598
1497661309.96 1497661308.49 1.47301626205
1497661310.96 1497661309.49 1.47746229172
1497661311.98 1497661310.49 1.48996734619
1497661312.98 1497661311.49 1.49810838699
1497661313.99 1497661312.49 1.50281238556
1497661314.99 1497661313.49 1.50799942017
1497661316.01 1497661314.49 1.52194833755
1497661317.01 1497661315.49 1.52564430237
1497661318.02 1497661316.49 1.53035926819
1497661319.02 1497661317.49 1.53627038002
1497661320.03 1497661318.49 1.54174947739
1497661321.03 1497661319.49 1.54914236069
1497661322.04 1497661320.49 1.55535244942
1497661323.05 1497661321.49 1.55973148346
1497661324.05 1497661322.49 1.56725645065
1497661325.06 1497661323.49 1.57396626472
1497661326.06 1497661324.49 1.57834744453
1497661327.08 1497661325.49 1.59303927422
1497661328.08 1497661326.49 1.59716629982
1497661329.09 1497661327.49 1.60181331635
1497661330.09 1497661328.49 1.60871529579
1497661331.1 1497661329.49 1.61772227287
1497661332.11 1497661330.49 1.6226234436
1497661333.12 1497661331.49 1.631711483
1497661334.12 1497661332.49 1.63613247871
1497661335.13 1497661333.49 1.64093136787
1497661336.13 1497661334.49 1.64833641052
1497661337.14 1497661335.49 1.65764737129
1497661338.15 1497661336.49 1.66254544258
1497661339.15 1497661337.49 1.6678853035
1497661340.16 1497661338.49 1.67294049263
1497661341.17 1497661339.49 1.68207240105
1497661342.18 1497661340.49 1.69058036804
1497661343.18 1497661341.49 1.69605231285
1497661344.19 1497661342.49 1.70025634766
1497661345.19 1497661343.49 1.70688939095
1497661346.2 1497661344.49 1.71225237846
1497661347.21 1497661345.49 1.71980834007
1497661348.21 1497661346.49 1.72499537468
1497661349.22 1497661347.49 1.73013830185
1497661350.22 1497661348.49 1.73582744598
1497661351.23 1497661349.49 1.74113345146
1497661352.23 1497661350.49 1.74567437172
1497661353.24 1497661351.49 1.75174832344
1497661354.24 1497661352.49 1.75725436211
1497661355.25 1497661353.49 1.76284837723
1497661356.27 1497661354.49 1.78472328186
1497661357.28 1497661355.49 1.79052233696
1497661358.28 1497661356.49 1.79624843597
1497661359.29 1497661357.49 1.80058836937
1497661360.29 1497661358.49 1.80548930168
1497661361.3 1497661359.49 1.81061434746
1497661362.31 1497661360.49 1.8211824894
1497661363.39 1497661361.49 1.89984345436
1497661364.4 1497661362.49 1.91858935356
1497661365.41 1497661363.49 1.92701840401
1497661366.42 1497661364.49 1.93211746216
1497661367.42 1497661365.49 1.93779826164
1497661368.43 1497661366.49 1.94308543205
1497661369.43 1497661367.49 1.94848132133
1497661370.44 1497661368.49 1.95715332031
1497661371.45 1497661369.49 1.96503543854
1497661372.46 1497661370.49 1.97153139114
1497661373.47 1497661371.49 1.98303627968
1497661374.48 1497661372.49 1.98974132538
1497661375.49 1497661373.49 2.00187730789
1497661376.49 1497661374.49 2.00703048706
1497661377.5 1497661375.49 2.01182341576
1497661378.5 1497661376.49 2.0170314312
1497661379.51 1497661377.49 2.02278542519
1497661380.51 1497661378.49 2.02815127373
1497661381.52 1497661379.49 2.03325939178
1497661382.53 1497661380.49 2.0409693718
1497661383.53 1497661381.49 2.04663133621
1497661384.54 1497661382.49 2.05358839035
1497661385.55 1497661383.49 2.06783342361
1497661386.56 1497661384.49 2.07664227486
1497661387.57 1497661385.49 2.08698248863
1497661388.59 1497661386.49 2.10028028488
1497661389.59 1497661387.49 2.10574531555
1497661390.6 1497661388.49 2.11771035194
1497661391.61 1497661389.49 2.12370729446
1497661392.62 1497661390.49 2.13021945953
1497661393.63 1497661391.49 2.14192032814
1497661394.63 1497661392.49 2.14848947525
1497661395.64 1497661393.49 2.15368938446
1497661396.65 1497661394.49 2.16031646729
1497661397.65 1497661395.49 2.16546344757
1497661398.66 1497661396.49 2.17595529556
1497661399.67 1497661397.49 2.18687033653
1497661400.68 1497661398.49 2.19381427765
1497661401.72 1497661399.49 2.23928141594
1497661402.74 1497661400.49 2.25374531746
1497661403.74 1497661401.49 2.25885844231
1497661404.75 1497661402.49 2.26426649094
1497661405.76 1497661403.49 2.26942133904
